10
5
Jordan's team
Jordan
Jay
Brock
Shaun
7
Lisgar A
Patrick
Stuart
Di
Angela
Michael
Jesse
7
Lisgar B
JJ
Jibril
Alex
Isuri
Will
Margaret
8
Lisgar C
Charles
Vincent
Peter
Geoffrey
Rusaba
Zheng
Dan
5
McGill A
Stuart
Mike
Jeremy
Beni
5
McGill B
Annie
Rachael
Mark
Zach
5
McGill C
Hunter
Evan
Jamie
Robert
10
Ottawa
Aaron
Chris
Thea
Jeff
Natalie
Russell
Kathy
Melinda
Karolina
5
Queen's A
Rebecca
Colin
Derek
Rubin
5
Queen's B
Sarah
Jamie
Christine
Jerry
45
0
7
9
95
220
20
10
6
50
9
110
0
0
0
0
0
0
0
1
0
3
3
0
15
0
1
2
0
0
0
30
1
1
0
0
0
0
0
1
1
1
3
0
0
45
2
1
0
1
0
0
10
2
1
0
2
0
0
20
3
1
2
0
2
0
20
3
1
1
0
0
0
15
-1
0
0
0
0
0
0
-1
0
0
0
0
0
0
-1
0
0
0
0
0
0
-1
0
0
0
0
0
0
-1
0
0
0
0
0
0
-1
0
0
0
0
0
0
-1
0
0
0
0
0
0
-1
0
0
0
0
0
0
1
0
1
200
185
20
10
9
120
8
100
0
0
0
0
0
0
0
1
3
3
4
0
55
0
1
0
2
0
0
20
1
1
0
0
0
0
0
1
1
0
1
0
0
10
2
1
0
3
1
0
25
2
1
0
0
0
0
0
3
1
0
0
0
0
0
3
1
1
4
0
0
55
-1
0
0
0
0
0
0
-1
0
0
0
0
0
0
-1
0
0
0
0
0
0
-1
0
0
0
0
0
0
-1
0
0
0
0
0
0
-1
0
0
0
0
0
0
-1
0
0
0
0
0
0
-1
0
0
0
0
0
0
2
3
8
50
360
20
10
4
20
14
210
0
0
0
0
0
0
0
1
0
0
0
0
0
0
1
0
5
0
0
50
1
1
0
1
2
0
0
1
1
1
2
0
0
35
2
1
0
3
0
0
30
2
1
1
4
0
0
55
3
1
0
0
0
0
0
3
1
1
0
1
0
10
-1
0
0
0
0
0
0
-1
0
0
0
0
0
0
-1
0
0
0
0
0
0
-1
0
0
0
0
0
0
-1
0
0
0
0
0
0
-1
0
0
0
0
0
0
-1
0
0
0
0
0
0
-1
0
0
0
0
0
0
3
6
4
240
175
20
10
10
130
6
110
0
0
0
0
0
0
0
1
1
2
0
0
35
0
1
0
4
0
0
40
1
1
1
2
0
0
35
1
1
1
1
0
0
25
2
1
1
3
1
0
40
2
1
0
0
0
0
0
3
1
0
0
0
0
0
3
1
0
0
0
0
0
-1
0
0
0
0
0
0
-1
0
0
0
0
0
0
-1
0
0
0
0
0
0
-1
0
0
0
0
0
0
-1
0
0
0
0
0
0
-1
0
0
0
0
0
0
-1
0
0
0
0
0
0
-1
0
0
0
0
0
0
4
6
3
150
155
20
1
7
90
8
90
0
0
0
0
0
0
0
1
1
2
1
0
30
0
1
0
2
1
0
15
1
1
1
2
0
0
35
1
0
0
0
0
0
0
2
1
0
1
2
0
0
2
1
0
5
0
0
50
3
1
0
0
1
0
-5
3
1
0
0
1
0
-5
-1
0
0
0
0
0
0
4
1
1
0
2
0
5
-1
0
0
0
0
0
0
-1
0
0
0
0
0
0
-1
0
0
0
0
0
0
-1
0
0
0
0
0
0
-1
0
0
0
0
0
0
-1
0
0
0
0
0
0
5
4
5
235
100
20
1
10
140
5
50
0
0
0
0
0
0
0
1
0
5
1
0
45
0
1
1
2
0
0
35
1
1
1
1
1
0
20
1
1
0
0
1
0
-5
2
1
0
2
0
0
20
2
1
0
0
0
0
0
3
1
0
1
0
0
10
3
1
1
1
1
0
20
-1
0
0
0
0
0
0
-1
0
0
0
0
0
0
-1
0
0
0
0
0
0
-1
0
0
0
0
0
0
-1
0
0
0
0
0
0
-1
0
0
0
0
0
0
-1
0
0
0
0
0
0
-1
0
0
0
0
0
0
6
2
1
55
230
20
1
3
35
11
130
0
0
0
0
0
0
0
1
0
0
2
0
-10
0
1
1
4
2
0
45
1
1
1
0
0
0
15
1
1
0
3
1
0
25
2
1
0
2
1
0
15
2
0
0
0
0
0
0
3
0.5
0
0
0
0
0
3
1
0
2
0
0
20
4
0.5
0
0
0
0
0
4
0.5
0
0
0
0
0
-1
0
0
0
0
0
0
5
0.5
0
1
0
0
10
-1
0
0
0
0
0
0
-1
0
0
0
0
0
0
-1
0
0
0
0
0
0
-1
0
0
0
0
0
0
7
9
8
115
270
20
1
6
60
10
170
0
0
0
0
0
0
0
1
1
0
0
0
15
0
1
0
0
0
0
0
1
1
1
2
2
0
25
1
1
0
6
0
0
60
2
1
0
1
0
0
10
2
1
1
1
0
0
25
3
1
0
1
1
0
5
3
1
0
2
1
0
15
-1
0
0
0
0
0
0
-1
0
0
0
0
0
0
-1
0
0
0
0
0
0
-1
0
0
0
0
0
0
-1
0
0
0
0
0
0
-1
0
0
0
0
0
0
-1
0
0
0
0
0
0
-1
0
0
0
0
0
0
8
0
7
240
120
20
1
10
140
7
60
0
0
0
0
0
0
0
1
0
5
0
0
50
0
1
0
2
2
0
10
1
1
1
2
2
0
25
1
1
0
1
1
0
5
2
1
0
1
0
0
10
2
1
0
1
0
0
10
3
1
1
0
0
0
15
3
1
1
2
0
0
35
-1
0
0
0
0
0
0
4
0
0
0
0
0
0
-1
0
0
0
0
0
0
5
0
0
0
0
0
0
-1
0
0
0
0
0
0
-1
0
0
0
0
0
0
-1
0
0
0
0
0
0
-1
0
0
0
0
0
0
9
7
6
80
200
20
2
7
20
8
130
0
0
0
0
0
0
0
1
0
2
1
0
15
0
1
0
3
0
0
30
1
1
0
1
0
0
10
1
1
0
1
0
0
10
2
0
0
0
0
0
0
2
1
0
1
2
0
0
3
1
0
3
1
0
25
3
1
0
3
0
0
30
4
0
0
0
0
0
0
-1
0
0
0
0
0
0
5
1
0
1
0
0
10
-1
0
0
0
0
0
0
-1
0
0
0
0
0
0
-1
0
0
0
0
0
0
-1
0
0
0
0
0
0
-1
0
0
0
0
0
0
10
1
5
100
225
20
2
5
50
10
130
0
0
0
0
0
0
0
1
0
3
0
0
30
0
1
0
1
1
0
5
1
1
0
2
0
0
20
1
1
0
2
0
0
20
2
0.5
0
0
0
0
0
2
1
0
2
0
0
20
3
1
0
0
0
0
0
3
1
0
5
0
0
50
4
0.5
0
0
0
0
0
-1
0
0
0
0
0
0
5
0
0
0
0
0
0
-1
0
0
0
0
0
0
-1
0
0
0
0
0
0
-1
0
0
0
0
0
0
-1
0
0
0
0
0
0
-1
0
0
0
0
0
0
11
9
0
120
260
20
2
6
60
9
180
0
0
0
0
0
0
0
1
0
0
0
0
0
0
1
1
3
0
0
45
1
1
1
3
1
0
40
1
1
0
1
1
0
5
2
1
0
0
0
0
0
2
1
0
1
2
0
0
3
1
0
2
0
0
20
3
1
0
3
0
0
30
-1
0
0
0
0
0
0
-1
0
0
0
0
0
0
-1
0
0
0
0
0
0
-1
0
0
0
0
0
0
-1
0
0
0
0
0
0
-1
0
0
0
0
0
0
-1
0
0
0
0
0
0
-1
0
0
0
0
0
0
12
2
3
30
230
20
2
3
10
10
120
0
0
0
0
0
0
0
1
0
0
0
0
0
0
1
1
0
1
0
10
1
0
0
0
0
0
0
1
0
0
0
0
0
0
2
1
0
1
1
0
5
2
1
1
5
0
0
65
3
1
0
1
0
0
10
3
1
0
1
0
0
10
4
0.5
0
1
1
0
5
4
0
0
0
0
0
0
5
0.5
0
0
0
0
0
5
1
1
1
0
0
25
-1
0
0
0
0
0
0
-1
0
0
0
0
0
0
-1
0
0
0
0
0
0
-1
0
0
0
0
0
0
13
0
8
295
255
20
3
10
200
9
170
0
0
0
0
0
0
0
1
0
3
2
0
20
0
1
0
2
0
0
20
1
1
1
0
1
0
10
1
1
0
4
0
0
40
2
1
0
2
0
0
20
2
1
0
1
0
0
10
3
1
1
3
0
0
45
3
1
1
1
2
0
15
-1
0
0
0
0
0
0
-1
0
0
0
0
0
0
-1
0
0
0
0
0
0
-1
0
0
0
0
0
0
-1
0
0
0
0
0
0
-1
0
0
0
0
0
0
-1
0
0
0
0
0
0
-1
0
0
0
0
0
0
14
7
2
135
140
20
3
8
50
7
60
0
0
0
0
0
0
0
1
0
3
0
0
30
0
1
0
2
0
0
20
1
1
1
1
0
0
25
1
1
1
1
0
0
25
2
0
0
0
0
0
0
2
0
0
0
0
0
0
3
1
0
1
0
0
10
3
0
0
0
0
0
0
4
1
0
2
0
0
20
4
1
1
2
0
0
35
5
0
0
0
0
0
0
5
1
0
0
0
0
0
-1
0
0
0
0
0
0
-1
0
0
0
0
0
0
-1
0
0
0
0
0
0
-1
0
0
0
0
0
0
15
9
6
115
335
20
3
6
60
12
210
0
0
0
0
0
0
0
1
0
1
0
0
10
0
1
1
4
0
0
55
1
1
0
2
2
0
10
1
1
0
2
0
0
20
2
1
0
1
0
0
10
2
1
1
3
1
0
40
3
1
1
1
0
0
25
3
1
0
1
0
0
10
-1
0
0
0
0
0
0
-1
0
0
0
0
0
0
-1
0
0
0
0
0
0
-1
0
0
0
0
0
0
-1
0
0
0
0
0
0
-1
0
0
0
0
0
0
-1
0
0
0
0
0
0
-1
0
0
0
0
0
0
16
5
3
315
145
20
3
12
190
8
60
0
0
0
0
0
0
0
1
0
3
1
0
25
0
0.5
0
0
0
0
0
1
1
1
1
0
0
25
1
1
0
2
1
0
15
2
1
0
2
0
0
20
2
1
2
2
0
0
50
3
1
1
4
0
0
55
3
0
0
0
0
0
0
-1
0
0
0
0
0
0
4
0.5
0
0
0
0
0
-1
0
0
0
0
0
0
5
0
0
0
0
0
0
-1
0
0
0
0
0
0
6
1
0
2
0
0
20
-1
0
0
0
0
0
0
-1
0
0
0
0
0
0
17
6
8
265
210
20
4
10
160
7
140
0
0
0
0
0
0
0
1
0
3
1
0
25
0
1
0
0
0
0
0
1
1
1
3
0
0
45
1
1
0
3
0
0
30
2
1
2
0
0
0
30
2
1
1
2
0
0
35
3
1
0
1
1
0
5
3
1
0
1
1
0
5
-1
0
0
0
0
0
0
-1
0
0
0
0
0
0
-1
0
0
0
0
0
0
-1
0
0
0
0
0
0
-1
0
0
0
0
0
0
-1
0
0
0
0
0
0
-1
0
0
0
0
0
0
-1
0
0
0
0
0
0
18
7
5
250
195
20
4
10
145
8
130
0
0
0
0
0
0
0
1
1
1
1
0
20
0
1
0
3
1
0
25
1
1
2
1
0
0
40
1
1
0
0
1
0
-5
2
1
1
1
0
0
25
2
1
0
1
0
0
10
3
1
1
2
3
0
20
3
1
0
4
1
0
35
4
0
0
0
0
0
0
-1
0
0
0
0
0
0
5
0
0
0
0
0
0
-1
0
0
0
0
0
0
-1
0
0
0
0
0
0
-1
0
0
0
0
0
0
-1
0
0
0
0
0
0
-1
0
0
0
0
0
0
19
4
1
225
220
20
4
8
130
10
110
0
0
0
0
0
0
0
1
2
2
0
0
50
0
1
0
7
0
0
70
1
1
1
0
0
0
15
1
1
2
1
0
0
40
2
1
1
1
0
0
25
2
1
0
0
0
0
0
3
1
0
1
1
0
5
3
1
0
0
0
0
0
-1
0
0
0
0
0
0
4
0
0
0
0
0
0
-1
0
0
0
0
0
0
5
0
0
0
0
0
0
-1
0
0
0
0
0
0
-1
0
0
0
0
0
0
-1
0
0
0
0
0
0
-1
0
0
0
0
0
0
20
9
2
255
140
20
4
9
170
6
70
0
0
0
0
0
0
0
1
0
0
0
0
0
0
1
0
0
0
0
0
1
1
2
4
1
0
65
1
1
1
1
0
0
25
2
1
0
2
1
0
15
2
1
1
2
0
0
35
3
1
0
1
1
0
5
3
0.5
0
1
0
0
10
-1
0
0
0
0
0
0
4
0.5
0
0
0
0
0
-1
0
0
0
0
0
0
5
0
0
0
0
0
0
-1
0
0
0
0
0
0
-1
0
0
0
0
0
0
-1
0
0
0
0
0
0
-1
0
0
0
0
0
0
21
9
5
240
145
20
5
9
150
6
70
0
0
0
0
0
0
0
1
0
0
0
0
0
0
1
0
0
0
0
0
1
1
1
4
1
0
50
1
1
1
0
0
0
15
2
1
1
0
1
0
10
2
1
1
0
0
0
15
3
1
0
3
0
0
30
3
1
1
3
0
0
45
-1
0
0
0
0
0
0
-1
0
0
0
0
0
0
-1
0
0
0
0
0
0
-1
0
0
0
0
0
0
-1
0
0
0
0
0
0
-1
0
0
0
0
0
0
-1
0
0
0
0
0
0
-1
0
0
0
0
0
0
22
8
2
215
235
20
5
9
130
10
120
0
0
0
0
0
0
0
1
0
0
1
0
-5
0
1
1
3
2
0
35
1
1
0
6
0
0
60
1
0.5
1
1
0
0
25
2
1
0
0
0
0
0
2
0.5
2
0
0
0
30
3
1
0
3
0
0
30
3
1
1
1
0
0
25
-1
0
0
0
0
0
0
4
0.5
0
0
0
0
0
-1
0
0
0
0
0
0
5
0.5
0
0
0
0
0
-1
0
0
0
0
0
0
-1
0
0
0
0
0
0
-1
0
0
0
0
0
0
-1
0
0
0
0
0
0
23
6
0
120
330
20
5
6
70
13
200
0
0
0
0
0
0
0
1
0
4
0
0
40
0
1
1
3
1
0
40
1
1
0
0
1
0
-5
1
1
1
5
1
0
60
2
1
0
2
1
0
15
2
1
0
2
0
0
20
3
1
0
0
0
0
0
3
1
0
1
0
0
10
-1
0
0
0
0
0
0
-1
0
0
0
0
0
0
-1
0
0
0
0
0
0
-1
0
0
0
0
0
0
-1
0
0
0
0
0
0
-1
0
0
0
0
0
0
-1
0
0
0
0
0
0
-1
0
0
0
0
0
0
24
3
4
125
190
20
5
8
50
9
100
0
0
0
0
0
0
0
1
0
0
0
0
0
0
1
2
3
1
0
55
1
1
2
2
2
0
40
1
1
0
3
0
0
30
2
1
0
4
1
0
35
2
1
0
0
1
0
-5
3
0.5
0
0
0
0
0
3
1
0
1
0
0
10
4
0.5
0
0
0
0
0
-1
0
0
0
0
0
0
5
0
0
0
0
0
0
-1
0
0
0
0
0
0
6
0
0
0
0
0
0
-1
0
0
0
0
0
0
-1
0
0
0
0
0
0
-1
0
0
0
0
0
0
25
3
1
155
125
20
6
7
100
6
60
0
0
0
0
0
0
0
1
0
1
0
0
10
0
1
0
3
0
0
30
1
1
0
1
1
0
5
1
1
1
0
1
0
10
2
1
0
5
1
0
45
2
0
0
0
0
0
0
3
0
0
0
0
0
0
3
0.5
0
1
0
0
10
4
0
0
0
0
0
0
4
1
1
0
0
0
15
5
0
0
0
0
0
0
5
0.5
0
0
0
0
0
6
1
0
0
1
0
-5
-1
0
0
0
0
0
0
-1
0
0
0
0
0
0
-1
0
0
0
0
0
0
26
8
5
215
175
20
6
10
110
7
110
0
0
0
0
0
0
0
1
0
4
0
0
40
0
1
1
0
1
0
10
1
1
1
2
0
0
35
1
1
0
2
2
0
10
2
0
0
0
0
0
0
2
1
1
2
0
0
35
3
1
0
3
0
0
30
3
1
0
1
0
0
10
-1
0
0
0
0
0
0
-1
0
0
0
0
0
0
-1
0
0
0
0
0
0
-1
0
0
0
0
0
0
-1
0
0
0
0
0
0
-1
0
0
0
0
0
0
-1
0
0
0
0
0
0
-1
0
0
0
0
0
0
27
7
4
210
205
20
6
9
120
8
135
0
0
0
0
0
0
0
1
0
4
0
0
40
0
1
2
3
3
0
45
6
1
0
2
0
0
20
1
1
0
3
1
0
25
7
1
0
0
0
0
0
2
1
0
0
0
0
0
3
1
1
2
1
0
30
3
1
0
0
0
0
0
4
0
0
0
0
0
0
-1
0
0
0
0
0
0
5
0
0
0
0
0
0
-1
0
0
0
0
0
0
-1
0
0
0
0
0
0
-1
0
0
0
0
0
0
-1
0
0
0
0
0
0
-1
0
0
0
0
0
0
28
2
0
55
350
20
6
3
30
14
200
0
0
0
0
0
0
0
1
0
0
1
0
-5
0
1
2
7
0
0
100
1
0.5
0
1
0
0
10
1
1
2
1
1
0
35
2
0.5
0
1
0
0
10
2
1
0
2
0
0
20
3
0.5
0
0
0
0
0
3
1
0
0
1
0
-5
4
1
0
1
0
0
10
-1
0
0
0
0
0
0
5
0.5
0
0
0
0
0
-1
0
0
0
0
0
0
-1
0
0
0
0
0
0
-1
0
0
0
0
0
0
-1
0
0
0
0
0
0
-1
0
0
0
0
0
0
29
0
5
245
115
20
7
9
180
6
60
0
0
0
0
0
0
0
1
0
4
2
0
30
0
1
0
3
0
0
30
1
1
0
2
3
0
5
1
1
0
0
0
0
0
2
1
1
1
1
0
20
2
1
0
2
0
0
20
3
1
0
1
0
0
10
3
1
0
1
1
0
5
-1
0
0
0
0
0
0
-1
0
0
0
0
0
0
-1
0
0
0
0
0
0
-1
0
0
0
0
0
0
-1
0
0
0
0
0
0
-1
0
0
0
0
0
0
-1
0
0
0
0
0
0
-1
0
0
0
0
0
0
30
2
6
130
190
20
7
7
60
8
120
0
0
0
0
0
0
0
1
0
3
0
0
30
0
1
1
1
1
0
20
1
1
0
1
0
0
10
1
1
0
4
0
0
40
2
0.5
0
0
0
0
0
2
1
0
1
2
0
0
3
0.5
0
2
0
0
20
3
1
0
1
0
0
10
4
0.5
0
0
0
0
0
-1
0
0
0
0
0
0
5
0.5
0
1
0
0
10
-1
0
0
0
0
0
0
-1
0
0
0
0
0
0
-1
0
0
0
0
0
0
-1
0
0
0
0
0
0
-1
0
0
0
0
0
0
31
9
4
180
110
20
7
7
110
6
50
0
0
0
0
0
0
0
1
0
3
0
0
30
0
1
1
3
0
0
45
1
1
1
0
1
0
10
1
1
0
2
0
0
20
2
1
0
1
0
0
10
2
1
0
0
0
0
0
3
1
0
2
0
0
20
3
1
0
0
1
0
-5
-1
0
0
0
0
0
0
-1
0
0
0
0
0
0
-1
0
0
0
0
0
0
-1
0
0
0
0
0
0
-1
0
0
0
0
0
0
-1
0
0
0
0
0
0
-1
0
0
0
0
0
0
-1
0
0
0
0
0
0
32
1
7
20
190
20
7
2
20
9
100
0
0
0
0
0
0
0
1
0
0
3
0
-15
0
1
2
2
1
0
45
1
1
0
1
1
0
5
1
1
0
1
0
0
10
2
1
0
1
0
0
10
2
0
0
0
0
0
0
3
0
0
0
0
0
0
3
1
0
4
0
0
40
4
1
0
0
0
0
0
4
0
0
0
0
0
0
5
0
0
0
0
0
0
5
0
0
0
0
0
0
-1
0
0
0
0
0
0
6
0
0
0
0
0
0
-1
0
0
0
0
0
0
7
1
0
0
1
0
-5
33
9
1
180
205
20
8
8
115
7
130
0
0
0
0
0
0
0
1
0
1
0
0
10
0
1
1
3
0
0
45
1
1
2
3
1
0
55
1
1
0
2
0
0
20
2
1
0
1
2
0
0
2
1
0
1
0
0
10
3
1
0
1
2
0
0
3
0
0
0
0
0
0
-1
0
0
0
0
0
0
4
0.5
0
0
0
0
0
-1
0
0
0
0
0
0
5
0.5
0
0
0
0
0
-1
0
0
0
0
0
0
-1
0
0
0
0
0
0
-1
0
0
0
0
0
0
-1
0
0
0
0
0
0
34
8
4
205
140
20
8
9
130
5
90
0
0
0
0
0
0
0
1
0
3
0
0
30
0
1
0
3
0
0
30
1
1
0
4
1
0
35
1
1
0
2
0
0
20
2
0
0
0
0
0
0
2
1
0
0
0
0
0
3
1
0
2
2
0
10
3
1
0
0
0
0
0
-1
0
0
0
0
0
0
-1
0
0
0
0
0
0
-1
0
0
0
0
0
0
-1
0
0
0
0
0
0
-1
0
0
0
0
0
0
-1
0
0
0
0
0
0
-1
0
0
0
0
0
0
-1
0
0
0
0
0
0
35
5
6
210
190
20
8
8
130
7
120
0
0
0
0
0
0
0
1
1
3
0
0
45
0
1
1
3
1
0
40
1
1
0
1
0
0
10
1
1
1
1
0
0
25
2
1
0
0
0
0
0
2
1
1
0
2
0
5
3
1
0
3
1
0
25
3
1
0
0
0
0
0
-1
0
0
0
0
0
0
-1
0
0
0
0
0
0
-1
0
0
0
0
0
0
-1
0
0
0
0
0
0
-1
0
0
0
0
0
0
-1
0
0
0
0
0
0
-1
0
0
0
0
0
0
-1
0
0
0
0
0
0
36
7
3
160
100
20
8
7
90
6
40
0
0
0
0
0
0
0
1
1
1
1
0
20
0
1
0
0
0
0
0
1
1
0
3
0
0
30
1
0
0
0
0
0
0
2
1
0
1
0
0
10
2
1
0
6
0
0
60
8
1
0
1
0
0
10
3
1
0
0
0
0
0
4
0
0
0
0
0
0
4
1
0
0
0
0
0
5
0
0
0
0
0
0
5
0
0
0
0
0
0
6
0
0
0
0
0
0
6
0
0
0
0
0
0
7
0
0
0
0
0
0
-1
0
0
0
0
0
0
37
0
4
320
85
20
9
11
210
5
50
0
0
0
0
0
0
0
1
2
4
2
0
60
0
1
0
4
2
0
30
1
1
0
1
0
0
10
1
1
0
0
1
0
-5
2
1
0
3
0
0
30
2
1
0
1
0
0
10
3
1
0
1
0
0
10
3
1
0
0
0
0
0
-1
0
0
0
0
0
0
-1
0
0
0
0
0
0
-1
0
0
0
0
0
0
-1
0
0
0
0
0
0
-1
0
0
0
0
0
0
-1
0
0
0
0
0
0
-1
0
0
0
0
0
0
-1
0
0
0
0
0
0
38
8
1
260
180
20
9
10
150
8
100
0
0
0
0
0
0
0
1
0
1
0
0
10
0
1
1
4
0
0
55
1
1
2
5
1
0
75
1
1
1
1
0
0
25
2
0
0
0
0
0
0
2
0
0
0
0
0
0
3
1
1
1
0
0
25
3
1
0
1
1
0
5
-1
0
0
0
0
0
0
4
0.5
0
0
1
0
-5
-1
0
0
0
0
0
0
5
0.5
0
0
0
0
0
-1
0
0
0
0
0
0
-1
0
0
0
0
0
0
-1
0
0
0
0
0
0
-1
0
0
0
0
0
0
39
3
9
135
175
20
9
6
80
9
100
0
0
0
0
0
0
0
1
0
1
0
0
10
0
1
0
1
0
0
10
1
1
0
1
0
0
10
1
1
1
1
2
0
15
2
1
0
3
1
0
25
2
1
0
2
2
0
10
3
0
0
0
0
0
0
3
1
0
4
0
0
40
4
0
0
0
0
0
0
-1
0
0
0
0
0
0
5
0
0
0
0
0
0
-1
0
0
0
0
0
0
6
1
0
1
0
0
10
-1
0
0
0
0
0
0
-1
0
0
0
0
0
0
-1
0
0
0
0
0
0
40
2
5
95
170
20
9
5
50
11
60
0
0
0
0
0
0
0
1
0
1
0
0
10
0
1
0
5
0
0
50
1
0.5
0
0
0
0
0
1
1
0
0
0
0
0
2
1
0
2
2
0
10
2
1
0
2
0
0
20
3
1
0
1
0
0
10
3
1
1
3
1
0
40
4
0.5
1
0
0
0
15
-1
0
0
0
0
0
0
5
0
0
0
0
0
0
-1
0
0
0
0
0
0
-1
0
0
0
0
0
0
-1
0
0
0
0
0
0
-1
0
0
0
0
0
0
-1
0
0
0
0
0
0
41
0
3
255
140
20
11
10
170
5
90
0
0
0
0
0
0
0
1
1
6
1
0
70
0
1
0
1
1
0
5
1
1
0
1
1
0
5
1
0.5
1
0
0
0
15
2
1
0
1
0
0
10
2
1
0
2
0
0
20
3
1
0
1
2
0
0
3
0.5
0
0
0
0
0
-1
0
0
0
0
0
0
4
0.5
0
1
0
0
10
-1
0
0
0
0
0
0
5
0
0
0
0
0
0
-1
0
0
0
0
0
0
6
0.5
0
0
0
0
0
-1
0
0
0
0
0
0
-1
0
0
0
0
0
0
42
2
4
120
290
20
11
6
60
10
170
0
0
0
0
0
0
0
1
0
4
0
0
40
0
1
3
3
0
0
75
1
0.5
0
1
0
0
10
1
1
1
1
0
0
25
2
0.5
0
1
0
0
10
2
1
0
2
0
0
20
3
1
0
0
0
0
0
3
1
0
0
0
0
0
4
0.5
0
0
0
0
0
-1
0
0
0
0
0
0
5
0.5
0
0
0
0
0
-1
0
0
0
0
0
0
-1
0
0
0
0
0
0
-1
0
0
0
0
0
0
-1
0
0
0
0
0
0
-1
0
0
0
0
0
0
43
6
1
235
145
20
11
9
150
8
60
0
0
0
0
0
0
0
1
0
1
2
0
0
0
1
1
5
1
0
60
1
1
0
5
0
0
50
1
1
1
1
0
0
25
2
1
1
2
0
0
35
2
1
0
0
0
0
0
3
1
0
0
0
0
0
3
0.5
0
0
0
0
0
-1
0
0
0
0
0
0
4
0.5
0
0
0
0
0
-1
0
0
0
0
0
0
5
0
0
0
0
0
0
-1
0
0
0
0
0
0
-1
0
0
0
0
0
0
-1
0
0
0
0
0
0
-1
0
0
0
0
0
0
44
7
8
155
170
20
11
7
80
7
110
0
0
0
0
0
0
0
1
1
3
0
0
45
0
1
0
3
0
0
30
1
1
1
2
1
0
30
1
1
0
3
1
0
25
2
0
0
0
0
0
0
2
0
0
0
0
0
0
3
0
0
0
0
0
0
3
1
0
1
1
0
5
4
0
0
0
0
0
0
-1
0
0
0
0
0
0
5
0
0
0
0
0
0
-1
0
0
0
0
0
0
6
1
0
0
0
0
0
-1
0
0
0
0
0
0
7
0
0
0
0
0
0
-1
0
0
0
0
0
0
1
1
2
0
1
3
254
1
1
1
1
1
1
1
0
0
4
Tournament 2012-02-15 8:35:17 PM EST




1
_rounds.html
_standings.html
_individuals.html
_games.html
_teamdetail.html
_playerdetail.html
_statkey.html

0
10
-1
-1
-1
-1
-1
-1
-1
-1
-1
-1
15
10
-5
0
11
 
 
 
 
 
 
 
 
 
 
 
10
0
0
0
0
0
0
0
0
0
0