8
7
Laura Secord B
Alex Dhaliwal
Ethan Gibbons
Ian Slade
Tess Hoover
Evan Ansell
Justin Clement
8
Stamford
Jay Patel
Joelle Schonberg
Jake Kempt
Kurtis Bishop
Courtney Bagshaw
Connor Bitter
Matt Watson
7
Laura Secord A
Liana Brennan
John Mackenzie
Ethan Wakeling
Rachel N
Michael Song
Michael Whitaker
7
Ridley
Norman Chung
Cole Hanna
Arran Reid
Heather Petrick
Mike Singh
Ayoub
6
A.N. Myer
Stephanie Philpott
Ben Ferguson
Taylor Kulp-McDowall
Emily Snook
Kevin Flynt
5
Sir Winston Churchill A
Grace Bannerman
Andrew Williams
Maddie Baker
Zach Anderson
5
Sir Winston Churchill B
Evan Vassallo
Michael Dover
Michael Coates
Tibyan Ahmed
6
Beamsville DSS
Ben Ambacher
Sierra Barrett
Derek Vaillancourt
Zach Cronkwright
Mackenzie Richardson
28
0
0
4
70
155
17
1
4
30
5
100
0
0
0
0
0
0
0
1
0
2
0
0
20
0
1
0
0
0
0
0
1
0.5
0
0
0
0
0
1
0.5
0
0
0
0
0
2
0.5
0
0
0
0
0
2
1
0
0
0
0
0
3
0.5
0
0
0
0
0
3
0.5
0
0
0
0
0
4
0.5
0
0
0
0
0
4
1
1
4
0
0
55
5
1
0
2
0
0
20
-1
0
0
0
0
0
0
-1
0
0
0
0
0
0
-1
0
0
0
0
0
0
-1
0
0
0
0
0
0
-1
0
0
0
0
0
0
1
2
3
130
100
22
1
8
40
5
60
0
0
0
0
0
0
0
0.5
0
1
0
0
10
0
1
0
4
2
0
30
1
1
1
1
0
0
25
1
1
0
0
0
0
0
2
0.5
0
0
0
0
0
2
1
0
1
0
0
10
3
0.5
0
1
0
0
10
3
0.5
0
0
0
0
0
4
0.5
0
0
0
0
0
4
0.5
0
0
0
0
0
5
1
1
3
0
0
45
-1
0
0
0
0
0
0
-1
0
0
0
0
0
0
-1
0
0
0
0
0
0
-1
0
0
0
0
0
0
-1
0
0
0
0
0
0
2
7
1
120
50
14
1
5
60
3
20
0
0
0
0
0
0
0
1
1
1
0
0
25
0
0.5
0
0
0
0
0
1
1
1
2
0
0
35
1
0.5
0
1
0
0
10
2
1
0
0
0
0
0
2
0.5
0
0
1
0
-5
3
0.5
0
0
0
0
0
3
0.5
0
0
0
0
0
4
0.5
0
0
0
0
0
4
0.5
0
1
0
0
10
-1
0
0
0
0
0
0
5
0.5
0
0
0
0
0
-1
0
0
0
0
0
0
6
1
1
0
0
0
15
-1
0
0
0
0
0
0
-1
0
0
0
0
0
0
3
5
6
70
225
18
1
4
40
9
120
0
0
0
0
0
0
0
1
0
2
1
0
15
0
1
0
1
0
0
10
1
1
0
1
0
0
10
1
1
3
3
0
0
75
2
1
0
0
1
0
-5
2
1
0
1
1
0
5
3
1
0
1
0
0
10
3
1
1
0
0
0
15
-1
0
0
0
0
0
0
-1
0
0
0
0
0
0
-1
0
0
0
0
0
0
-1
0
0
0
0
0
0
-1
0
0
0
0
0
0
-1
0
0
0
0
0
0
-1
0
0
0
0
0
0
-1
0
0
0
0
0
0
4
7
6
150
265
23
2
6
90
10
170
0
0
0
0
0
0
0
1
0
2
0
0
20
0
1
0
4
1
0
35
1
1
0
2
0
0
20
1
1
1
4
1
0
50
2
0.5
0
2
0
0
20
2
1
0
1
0
0
10
3
0.5
0
0
0
0
0
3
1
0
0
0
0
0
4
1
0
0
0
0
0
-1
0
0
0
0
0
0
-1
0
0
0
0
0
0
-1
0
0
0
0
0
0
-1
0
0
0
0
0
0
-1
0
0
0
0
0
0
-1
0
0
0
0
0
0
-1
0
0
0
0
0
0
5
5
4
115
200
16
2
5
70
8
110
0
0
0
0
0
0
0
1
0
2
1
0
15
0
0.5
0
1
0
0
10
1
1
0
1
0
0
10
1
1
0
0
0
0
0
2
1
0
1
0
0
10
2
0.5
0
0
0
0
0
3
1
0
1
0
0
10
3
1
0
0
0
0
0
-1
0
0
0
0
0
0
4
1
2
5
0
0
80
-1
0
0
0
0
0
0
-1
0
0
0
0
0
0
-1
0
0
0
0
0
0
-1
0
0
0
0
0
0
-1
0
0
0
0
0
0
-1
0
0
0
0
0
0
6
3
1
300
45
17
2
12
170
2
20
0
0
0
0
0
0
0
1
1
7
0
0
85
0
0
0
0
0
0
0
1
1
0
0
0
0
0
1
1
0
1
0
0
10
2
1
1
3
0
0
45
2
1
1
0
0
0
15
3
1
0
0
0
0
0
3
0
0
0
0
0
0
4
0
0
0
0
0
0
4
1
0
0
0
0
0
-1
0
0
0
0
0
0
5
0
0
0
0
0
0
-1
0
0
0
0
0
0
6
1
0
0
0
0
0
-1
0
0
0
0
0
0
-1
0
0
0
0
0
0
7
0
2
175
95
22
2
8
90
6
30
0
0
0
0
0
0
0
0.5
0
1
0
0
10
0
1
0
0
0
0
0
1
0.5
0
0
0
0
0
1
0.5
0
1
0
0
10
2
1
1
0
0
0
15
2
1
0
2
0
0
20
3
1
0
1
0
0
10
3
0.5
0
1
0
0
10
4
0
0
0
0
0
0
4
0.5
0
0
0
0
0
5
1
0
5
0
0
50
5
0.5
1
1
0
0
25
-1
0
0
0
0
0
0
-1
0
0
0
0
0
0
-1
0
0
0
0
0
0
-1
0
0
0
0
0
0
8
3
4
195
125
18
3
8
110
5
80
0
0
0
0
0
0
0
1
1
6
0
0
75
0
1
0
0
0
0
0
1
0.5
0
0
0
0
0
1
0
0
0
0
0
0
2
1
0
0
0
0
0
2
1
0
0
0
0
0
3
0.5
0
1
0
0
10
3
1
0
1
1
0
5
4
1
0
0
0
0
0
4
1
1
3
1
0
40
-1
0
0
0
0
0
0
-1
0
0
0
0
0
0
-1
0
0
0
0
0
0
-1
0
0
0
0
0
0
-1
0
0
0
0
0
0
-1
0
0
0
0
0
0
9
7
2
155
180
20
3
6
90
8
90
0
0
0
0
0
0
0
1
1
3
0
0
45
0
1
0
0
0
0
0
1
1
0
1
0
0
10
1
1
0
0
0
0
0
2
0.5
0
0
0
0
0
2
0
0
0
0
0
0
3
0.5
0
1
0
0
10
3
0
0
0
0
0
0
4
1
0
0
0
0
0
4
1
0
1
0
0
10
-1
0
0
0
0
0
0
5
1
2
5
0
0
80
-1
0
0
0
0
0
0
-1
0
0
0
0
0
0
-1
0
0
0
0
0
0
-1
0
0
0
0
0
0
10
0
5
155
230
20
3
8
70
9
140
0
0
0
0
0
0
0
1
1
4
0
0
55
0
1
0
2
1
0
15
1
1
0
1
0
0
10
1
1
0
1
0
0
10
2
0
0
0
0
0
0
2
1
2
4
1
0
65
3
1
0
0
0
0
0
3
1
0
0
0
0
0
4
0
0
0
0
0
0
-1
0
0
0
0
0
0
5
1
0
2
0
0
20
-1
0
0
0
0
0
0
-1
0
0
0
0
0
0
-1
0
0
0
0
0
0
-1
0
0
0
0
0
0
-1
0
0
0
0
0
0
11
1
6
155
225
22
3
6
90
10
130
0
0
0
0
0
0
0
1
0
0
0
0
0
0
1
1
2
1
0
30
1
0.5
0
0
0
0
0
1
1
0
4
0
0
40
2
0.5
0
2
0
0
20
2
1
0
2
1
0
15
3
0.5
0
1
0
0
10
3
1
0
1
0
0
10
4
0.5
0
1
0
0
10
-1
0
0
0
0
0
0
5
0.5
0
0
0
0
0
-1
0
0
0
0
0
0
6
0.5
1
1
0
0
25
-1
0
0
0
0
0
0
-1
0
0
0
0
0
0
-1
0
0
0
0
0
0
12
0
3
195
85
17
4
9
100
4
50
0
0
0
0
0
0
0
1
0
2
1
0
15
0
1
0
2
0
0
20
1
0
0
0
0
0
0
1
1
0
1
0
0
10
2
1
0
0
0
0
0
2
1
0
0
0
0
0
3
0
0
0
0
0
0
3
0
0
0
0
0
0
4
1
0
2
0
0
20
4
1
0
1
1
0
5
5
1
2
3
0
0
60
-1
0
0
0
0
0
0
-1
0
0
0
0
0
0
-1
0
0
0
0
0
0
-1
0
0
0
0
0
0
-1
0
0
0
0
0
0
13
2
6
15
380
18
4
2
10
12
250
0
0
0
0
0
0
0
1
0
0
0
0
0
0
1
0
2
0
0
20
1
0
0
0
0
0
0
1
1
2
3
1
0
55
2
1
0
0
0
0
0
2
1
1
0
0
0
15
3
0
0
0
0
0
0
3
1
0
4
0
0
40
4
1
0
1
0
0
10
-1
0
0
0
0
0
0
5
1
0
1
3
0
-5
-1
0
0
0
0
0
0
-1
0
0
0
0
0
0
-1
0
0
0
0
0
0
-1
0
0
0
0
0
0
-1
0
0
0
0
0
0
14
7
4
220
165
20
4
8
140
8
90
0
0
0
0
0
0
0
1
0
3
0
0
30
0
0.5
0
0
0
0
0
1
1
0
3
0
0
30
1
1
0
0
0
0
0
2
0.5
0
2
0
0
20
2
0.5
0
0
0
0
0
3
0.5
0
0
0
0
0
3
1
0
1
0
0
10
4
1
0
0
0
0
0
4
1
1
6
2
0
65
-1
0
0
0
0
0
0
-1
0
0
0
0
0
0
-1
0
0
0
0
0
0
-1
0
0
0
0
0
0
-1
0
0
0
0
0
0
-1
0
0
0
0
0
0
15
5
1
380
45
18
4
13
240
3
20
0
0
0
0
0
0
0
1
2
3
0
0
60
0
0.5
0
0
0
0
0
1
1
0
4
0
0
40
1
0.5
0
0
0
0
0
2
1
0
3
0
0
30
2
0.5
0
0
0
0
0
3
1
0
1
0
0
10
5
0.5
0
0
0
0
0
-1
0
0
0
0
0
0
4
1
0
2
0
0
20
-1
0
0
0
0
0
0
3
0.5
0
1
0
0
10
-1
0
0
0
0
0
0
6
0.5
0
0
1
0
-5
-1
0
0
0
0
0
0
-1
0
0
0
0
0
0
16
4
1
130
115
12
5
5
65
5
60
0
0
0
0
0
0
0
1
0
0
0
0
0
0
0.5
0
0
0
0
0
1
0.5
0
0
0
0
0
1
0.5
0
0
0
0
0
2
1
0
0
0
0
0
2
1
1
1
0
0
25
3
0.5
0
0
0
0
0
3
0.5
0
0
0
0
0
4
1
3
2
0
0
65
4
0.5
0
2
0
0
20
-1
0
0
0
0
0
0
5
0.5
0
1
0
0
10
-1
0
0
0
0
0
0
6
0.5
0
0
0
0
0
-1
0
0
0
0
0
0
-1
0
0
0
0
0
0
17
2
5
40
310
23
5
2
20
12
190
0
0
0
0
0
0
0
0.5
0
0
0
0
0
0
1
0
6
0
0
60
1
0.5
0
0
0
0
0
1
1
1
2
1
0
30
2
1
0
0
0
0
0
2
1
0
1
0
0
10
3
1
0
0
0
0
0
3
1
0
2
0
0
20
4
0.5
0
1
0
0
10
-1
0
0
0
0
0
0
5
0.5
0
1
0
0
10
-1
0
0
0
0
0
0
-1
0
0
0
0
0
0
-1
0
0
0
0
0
0
-1
0
0
0
0
0
0
-1
0
0
0
0
0
0
18
0
6
60
215
20
5
4
30
9
120
0
0
0
0
0
0
0
1
0
1
1
0
5
0
1
0
0
1
0
-5
1
1
0
3
1
0
25
1
1
3
5
0
0
95
2
0
0
0
0
0
0
2
1
0
0
1
0
-5
3
1
0
0
0
0
0
3
1
0
1
0
0
10
4
0
0
0
0
0
0
-1
0
0
0
0
0
0
5
1
0
0
0
0
0
-1
0
0
0
0
0
0
-1
0
0
0
0
0
0
-1
0
0
0
0
0
0
-1
0
0
0
0
0
0
-1
0
0
0
0
0
0
19
3
7
90
130
14
5
4
50
5
70
0
0
0
0
0
0
0
1
0
1
0
0
10
0
1
1
1
0
0
25
1
1
0
0
0
0
0
1
1
0
0
0
0
0
2
1
0
2
0
0
20
2
1
1
2
0
0
35
3
1
0
1
0
0
10
3
0
0
0
0
0
0
4
0
0
0
0
0
0
4
1
0
0
0
0
0
-1
0
0
0
0
0
0
-1
0
0
0
0
0
0
-1
0
0
0
0
0
0
-1
0
0
0
0
0
0
-1
0
0
0
0
0
0
-1
0
0
0
0
0
0
20
6
4
210
120
17
6
8
130
6
60
0
0
0
0
0
0
0
1
0
4
0
0
40
0
0.5
0
0
0
0
0
1
1
0
1
0
0
10
1
1
0
0
0
0
0
2
1
0
2
0
0
20
2
0.5
0
0
0
0
0
3
1
0
1
0
0
10
3
1
0
0
0
0
0
-1
0
0
0
0
0
0
4
1
0
6
0
0
60
-1
0
0
0
0
0
0
-1
0
0
0
0
0
0
-1
0
0
0
0
0
0
-1
0
0
0
0
0
0
-1
0
0
0
0
0
0
-1
0
0
0
0
0
0
21
2
1
90
140
18
6
6
30
7
60
0
0
0
0
0
0
0
0.5
0
0
0
0
0
0
0.5
0
0
0
0
0
1
1
0
0
0
0
0
1
1
0
0
0
0
0
2
0.5
0
0
0
0
0
2
0.5
0
0
0
0
0
3
0
0
0
0
0
0
3
0.5
1
2
0
0
35
4
1
0
1
0
0
10
4
0.5
0
2
0
0
20
5
1
0
5
0
0
50
5
0.5
0
1
0
0
10
-1
0
0
0
0
0
0
6
0.5
1
0
0
0
15
-1
0
0
0
0
0
0
-1
0
0
0
0
0
0
22
5
3
155
80
16
6
7
80
4
40
0
0
0
0
0
0
0
1
0
1
0
0
10
0
1
1
2
0
0
35
1
1
0
3
0
0
30
1
0.5
0
0
0
0
0
2
1
1
1
0
0
25
2
1
0
0
0
0
0
3
1
0
1
0
0
10
3
0
0
0
0
0
0
-1
0
0
0
0
0
0
4
0.5
0
1
0
0
10
-1
0
0
0
0
0
0
5
1
0
0
1
0
-5
-1
0
0
0
0
0
0
-1
0
0
0
0
0
0
-1
0
0
0
0
0
0
-1
0
0
0
0
0
0
23
7
0
185
55
24
6
9
90
4
20
0
0
0
0
0
0
0
1
1
3
0
0
45
0
1
0
3
1
0
25
1
1
0
2
0
0
20
1
1
0
0
0
0
0
2
1
0
2
1
0
15
2
0
0
0
0
0
0
3
0.5
1
0
0
0
15
3
1
0
1
0
0
10
4
0.5
0
0
0
0
0
4
1
0
0
0
0
0
-1
0
0
0
0
0
0
5
0
0
0
0
0
0
-1
0
0
0
0
0
0
-1
0
0
0
0
0
0
-1
0
0
0
0
0
0
-1
0
0
0
0
0
0
24
0
1
70
95
20
7
6
10
5
40
0
0
0
0
0
0
0
0.5
0
2
0
0
20
0
0.5
0
1
0
0
10
1
0.5
0
1
0
0
10
1
0.5
1
0
0
0
15
2
1
0
0
0
0
0
2
0.5
0
0
0
0
0
3
1
0
1
0
0
10
3
0.5
0
1
0
0
10
4
0
0
0
0
0
0
4
0.5
0
0
0
0
0
5
1
0
2
0
0
20
5
1
0
2
0
0
20
-1
0
0
0
0
0
0
6
0.5
0
0
0
0
0
-1
0
0
0
0
0
0
-1
0
0
0
0
0
0
25
6
3
170
75
20
7
7
100
6
20
0
0
0
0
0
0
0
1
0
2
1
0
15
0
1
0
2
0
0
20
1
1
1
2
0
0
35
1
0.5
0
1
0
0
10
2
1
0
1
0
0
10
2
1
0
2
0
0
20
3
1
0
1
0
0
10
3
0
0
0
0
0
0
-1
0
0
0
0
0
0
4
0.5
0
0
1
0
-5
-1
0
0
0
0
0
0
5
1
0
1
0
0
10
-1
0
0
0
0
0
0
-1
0
0
0
0
0
0
-1
0
0
0
0
0
0
-1
0
0
0
0
0
0
26
7
5
90
180
17
7
4
50
8
100
0
0
0
0
0
0
0
1
0
1
0
0
10
0
1
0
5
0
0
50
1
0.5
0
1
0
0
10
1
1
0
1
0
0
10
2
1
0
1
0
0
10
2
1
0
2
0
0
20
3
0.5
0
1
0
0
10
3
1
0
0
0
0
0
4
1
0
0
0
0
0
-1
0
0
0
0
0
0
-1
0
0
0
0
0
0
-1
0
0
0
0
0
0
-1
0
0
0
0
0
0
-1
0
0
0
0
0
0
-1
0
0
0
0
0
0
-1
0
0
0
0
0
0
27
2
4
45
195
21
7
4
10
9
110
0
0
0
0
0
0
0
0.5
0
0
0
0
0
0
1
0
0
0
0
0
1
0.5
0
0
0
0
0
1
0.5
0
0
0
0
0
2
1
0
1
0
0
10
2
1
0
2
0
0
20
3
0.5
0
0
0
0
0
3
0.5
0
0
0
0
0
4
0.5
0
1
0
0
10
4
1
0
7
1
0
65
5
1
0
2
1
0
15
-1
0
0
0
0
0
0
-1
0
0
0
0
0
0
-1
0
0
0
0
0
0
-1
0
0
0
0
0
0
-1
0
0
0
0
0
0
1
1
3
0
1
2
254
0
1
1
1
1
1
1
0
0
1




StCatherines
1
_rounds.html
_standings.html
_individuals.html
_games.html
_teamdetail.html
_playerdetail.html
_statkey.html

0
8
-1
-1
-1
-1
-1
-1
-1
-1
15
10
-5
0
0
8
0
0
0
0
0
0
0
0